5	70925087	1014
5	70925088	995
5	70925089	1000
5	70925090	973
5	70925091	1005
5	70925092	994
5	70925093	991
5	70925094	999
5	70925095	993
5	70925096	1002
5	70925097	992
5	70925098	982
5	70925099	1004
5	70925100	1004
5	70925101	1005
5	70925102	1002
5	70925103	1000
5	70925104	1004
5	70925105	1006
5	70925106	997
5	70925107	995
5	70925108	987
5	70925109	970
5	70925110	968
5	70925111	983
5	70925112	977
5	70925113	966
5	70925114	945
5	70925115	951
5	70925116	979
5	70925117	980
5	70925118	978
5	70925119	975
5	70925120	978
5	70925121	974
5	70925122	953
5	70925123	925
5	70925124	919
5	70925125	898
5	70925126	899
5	70925127	900
5	70925128	911
5	70925129	905
5	70925130	903
5	70925131	876
5	70925132	875
5	70925133	874
5	70925134	873
5	70925135	894
5	70925136	875
5	70925137	879
5	70925138	868
5	70925139	748
5	70925140	861
5	70925141	847
5	70925142	822
5	70925143	841
5	70925144	832
5	70925145	797
5	70925146	829
5	70925147	687
5	70925148	722
5	70925149	747
5	70925150	751
5	70925151	725
5	70925152	664
5	70925153	657
5	70925154	602
5	70925155	790
5	70925156	785
5	70925157	814
5	70925158	791
5	70925159	806
5	70925160	777
5	70925161	778
5	70925162	777
5	70925163	779
5	70925164	754
5	70925165	773
5	70925166	761
5	70925167	758
5	70925168	734
5	70925169	742
5	70925170	731
5	70925171	721
5	70925172	717
5	70925173	712
5	70925174	713
5	70925175	700
5	70925176	685
5	70925177	694
5	70925178	611
5	70925179	687
5	70925180	689
5	70925181	677
5	70925182	686
5	70925183	678
5	70925184	678
5	70938839	633
5	70938840	636
5	70938841	633
5	70938842	633
5	70938843	636
5	70938844	636
5	70938845	634
5	70938846	632
5	70938847	624
5	70938848	627
5	70938849	621
5	70938850	626
5	70938851	634
5	70938852	636
5	70938853	636
5	70938854	636
5	70938855	617
5	70938856	641
5	70938857	637
5	70938858	598
5	70938859	640
5	70938860	639
5	70938861	640
5	70938862	637
5	70938863	638
5	70938864	626
5	70938865	629
5	70938866	638
5	70938867	648
5	70938868	645
5	70938869	635
5	70938870	652
5	70938871	634
5	70938872	631
5	70938873	619
5	70938874	629
5	70938875	635
5	70938876	633
5	70938877	599
5	70938878	619
5	70938879	618
5	70938880	619
5	70938881	618
5	70938882	615
5	70938883	615
5	70938884	614
5	70938885	610
5	70938886	611
5	70938887	603
5	70938888	602
5	70938889	597
5	70938890	572
5	70938891	579
5	70938892	579
5	70938893	570
5	70938894	573
5	70938895	566
5	70938896	567
5	70938897	562
5	70938898	549
5	70938899	531
5	70938900	523
5	70938901	515
5	70938902	513
5	70938903	500
5	70938904	495
5	70938905	484
5	70938906	500
5	70938907	495
5	70938908	478
5	70938909	488
5	70938910	477
5	70941389	233
5	70941390	236
5	70941391	237
5	70941392	238
5	70941393	237
5	70941394	262
5	70941395	275
5	70941396	274
5	70941397	261
5	70941398	288
5	70941399	290
5	70941400	290
5	70941401	290
5	70941402	297
5	70941403	297
5	70941404	301
5	70941405	313
5	70941406	312
5	70941407	310
5	70941408	306
5	70941409	317
5	70941410	324
5	70941411	303
5	70941412	320
5	70941413	319
5	70941414	317
5	70941415	332
5	70941416	331
5	70941417	305
5	70941418	335
5	70941419	337
5	70941420	334
5	70941421	334
5	70941422	363
5	70941423	324
5	70941424	356
5	70941425	385
5	70941426	382
5	70941427	380
5	70941428	371
5	70941429	386
5	70941430	386
5	70941431	365
5	70941432	390
5	70941433	350
5	70941434	389
5	70941435	391
5	70941436	396
5	70941437	397
5	70941438	397
5	70941439	399
5	70941440	399
5	70941441	403
5	70941442	403
5	70941443	398
5	70941444	401
5	70941445	400
5	70941446	365
5	70941447	398
5	70941448	396
5	70941449	392
5	70941450	391
5	70941451	392
5	70941452	400
5	70941453	403
5	70941454	404
5	70941455	403
5	70941456	405
5	70941457	404
5	70941458	392
5	70941459	408
5	70941460	408
5	70941461	360
5	70941462	379
5	70941463	380
5	70941464	397
5	70941465	392
5	70941466	359
5	70941467	394
5	70941468	409
5	70941469	405
5	70941470	381
5	70941471	408
5	70941472	407
5	70941473	407
5	70941474	406
5	70941475	402
5	70941476	403
5	70941477	355
5	70941478	401
5	70941479	382
5	70941480	377
5	70941481	374
5	70941482	376
5	70941483	381
5	70941484	369
5	70941485	328
5	70941486	372
5	70941487	376
5	70941488	359
5	70941489	362
5	70941490	377
5	70941491	375
5	70941492	368
5	70941493	369
5	70941494	362
5	70941495	346
5	70941496	332
5	70941497	355
5	70941498	355
5	70941499	353
5	70941500	320
5	70941501	345
5	70941502	319
5	70941503	337
5	70941504	323
5	70941505	324
5	70941506	322
5	70941507	320
5	70941508	321
5	70942358	282
5	70942359	282
5	70942360	283
5	70942361	246
5	70942362	287
5	70942363	286
5	70942364	282
5	70942365	282
5	70942366	293
5	70942367	243
5	70942368	293
5	70942369	295
5	70942370	284
5	70942371	278
5	70942372	270
5	70942373	279
5	70942374	302
5	70942375	301
5	70942376	298
5	70942377	301
5	70942378	287
5	70942379	306
5	70942380	303
5	70942381	308
5	70942382	300
5	70942383	301
5	70942384	308
5	70942385	308
5	70942386	299
5	70942387	308
5	70942388	307
5	70942389	306
5	70942390	307
5	70942391	307
5	70942392	264
5	70942393	286
5	70942394	284
5	70942395	292
5	70942396	304
5	70942397	303
5	70942398	272
5	70942399	300
5	70942400	294
5	70942401	305
5	70942402	263
5	70942403	305
5	70942404	298
5	70942405	299
5	70942406	308
5	70942407	237
5	70942408	313
5	70942409	316
5	70942410	319
5	70942411	297
5	70942412	318
5	70942413	320
5	70942414	320
5	70942415	316
5	70942416	318
5	70942417	321
5	70942418	310
5	70942419	311
5	70942420	320
5	70942421	324
5	70942422	323
5	70942423	324
5	70942424	328
5	70942425	330
5	70942426	317
5	70942427	326
5	70942428	334
5	70942429	337
5	70942430	339
5	70942431	339
5	70942432	336
5	70942433	333
5	70942434	337
5	70942435	313
5	70942436	334
5	70942437	316
5	70942438	240
5	70942439	164
5	70942440	204
5	70942441	224
5	70942442	281
5	70942443	331
5	70942444	327
5	70942445	332
5	70942446	331
5	70942447	345
5	70942448	345
5	70942449	343
5	70942450	354
5	70942451	349
5	70942452	350
5	70942453	355
5	70942454	355
5	70942455	350
5	70942456	347
5	70942457	351
5	70942458	350
5	70942459	348
5	70942460	349
5	70942461	348
5	70942462	349
5	70942463	347
5	70942464	346
5	70942465	365
5	70942466	361
5	70942467	364
5	70942468	366
5	70942469	364
5	70942470	360
5	70942471	358
5	70942472	357
5	70942473	353
5	70942474	353
5	70942475	353
5	70942476	353
5	70942477	347
5	70942478	345
5	70942479	345
5	70942480	345
5	70942481	266
5	70942482	309
5	70942483	318
5	70942484	321
5	70942485	320
5	70942486	297
5	70942487	330
5	70942488	330
5	70942489	316
5	70942490	323
5	70942491	303
5	70942492	327
5	70942493	327
5	70942494	313
5	70942495	298
5	70942496	311
5	70942497	321
5	70942498	313
5	70942499	290
5	70942500	276
5	70942501	314
5	70942502	305
5	70942503	321
5	70942504	316
5	70942505	314
5	70942506	313
5	70942507	293
5	70942508	293
5	70942509	287
5	70942510	320
5	70942511	264
5	70942512	168
5	70942513	313
5	70942514	336
5	70942515	335
5	70942516	334
5	70942517	334
5	70942518	328
5	70942519	340
5	70942520	345
5	70942521	346
5	70942522	346
5	70942523	347
5	70942524	347
5	70942525	341
5	70942526	336
5	70942527	338
5	70942528	332
5	70942529	333
5	70942530	333
5	70942531	330
5	70942532	325
5	70942533	322
5	70942534	323
5	70942535	316
5	70942536	317
5	70942537	317
5	70942538	310
5	70942539	307
5	70942540	289
5	70942541	269
5	70942542	301
5	70942543	306
5	70942544	304
5	70942545	295
5	70942546	301
5	70942547	302
5	70942548	302
5	70942549	302
5	70942550	302
5	70942551	300
5	70942552	299
5	70942553	280
5	70942554	284
5	70942555	283
5	70942556	283
5	70942557	284
5	70942558	284
5	70942718	245
5	70942719	247
5	70942720	247
5	70942721	243
5	70942722	209
5	70942723	244
5	70942724	248
5	70942725	248
5	70942726	248
5	70942727	241
5	70942728	249
5	70942729	249
5	70942730	251
5	70942731	249
5	70942732	255
5	70942733	254
5	70942734	245
5	70942735	256
5	70942736	254
5	70942737	252
5	70942738	260
5	70942739	261
5	70942740	258
5	70942741	256
5	70942742	263
5	70942743	262
5	70942744	266
5	70942745	265
5	70942746	268
5	70942747	268
5	70942748	265
5	70942749	240
5	70942750	264
5	70942751	264
5	70942752	265
5	70942753	265
5	70942754	257
5	70942755	254
5	70942756	251
5	70942757	234
5	70942758	262
5	70942759	261
5	70942760	265
5	70942761	255
5	70942762	273
5	70942763	273
5	70942764	261
5	70942765	270
5	70942766	257
5	70942767	251
5	70942768	271
5	70942769	264
5	70942770	280
5	70942771	279
5	70942772	275
5	70942773	277
5	70942774	261
5	70942775	274
5	70942776	276
5	70942777	275
5	70942778	273
5	70942779	279
5	70942780	279
5	70942781	279
5	70942782	276
5	70942783	276
5	70942784	274
5	70942785	231
5	70942786	230
5	70942787	219
5	70942788	221
5	70942789	222
5	70942790	221
5	70942791	223
5	70942792	219
5	70942793	218
5	70942794	222
5	70942795	218
5	70942796	210
5	70942797	229
5	70942798	216
5	70942799	199
5	70942800	209
5	70942801	204
5	70942802	187
5	70942803	199
5	70942804	210
5	70942805	226
5	70942806	225
5	70942807	235
5	70942808	224
5	70942809	233
5	70942810	236
5	70942811	236
5	70942812	230
5	70942813	234
5	70942814	232
5	70942815	230
5	70942816	221
5	70942817	221
5	70942818	216
5	70942819	179
5	70942820	219
5	70942821	207
5	70942822	191
5	70942823	168
5	70942824	170
5	70942825	137
5	70942826	173
5	70942827	211
5	70942828	208
5	70942829	204
5	70942830	225
5	70942831	226
5	70942832	228
5	70942833	227
5	70942834	224
5	70942835	158
5	70942836	204
5	70942837	207
5	70942838	207
5	70942839	210
5	70942840	210
5	70942841	210
5	70942842	210
5	70942843	210
5	70942844	206
5	70942845	209
5	70942846	208
5	70942847	203
5	70942848	206
5	70942849	205
5	70942850	204
5	70942851	203
5	70942852	182
5	70942853	202
5	70942854	201
5	70942855	195
5	70942856	199
5	70942857	196
5	70942858	183
5	70942859	202
5	70942860	203
5	70942861	200
5	70942862	200
5	70942863	200
5	70942864	201
5	70942865	201
5	70942866	198
5	70942867	183
5	70942868	196
5	70942869	196
5	70942870	194
5	70944658	517
5	70944659	524
5	70944660	525
5	70944661	523
5	70944662	527
5	70944663	525
5	70944664	518
5	70944665	520
5	70944666	516
5	70944667	527
5	70944668	522
5	70944669	523
5	70944670	517
5	70944671	541
5	70944672	542
5	70944673	546
5	70944674	552
5	70944675	552
5	70944676	546
5	70944677	552
5	70944678	522
5	70944679	548
5	70944680	551
5	70944681	550
5	70944682	563
5	70944683	562
5	70944684	566
5	70944685	556
5	70944686	554
5	70944687	559
5	70944688	576
5	70944689	576
5	70944690	586
5	70944691	580
5	70944692	585
5	70944693	595
5	70944694	589
5	70944695	595
5	70944696	607
5	70944697	612
5	70944698	620
5	70944699	628
5	70944700	629
5	70944701	630
5	70944702	647
5	70944703	648
5	70944704	646
5	70944705	654
5	70944706	573
5	70944707	651
5	70944708	661
5	70944709	664
5	70944710	662
5	70944711	654
5	70944712	647
5	70944713	648
5	70944714	604
5	70944715	647
5	70944716	654
5	70944717	651
5	70944718	652
5	70944719	648
5	70944720	648
5	70944721	647
5	70944722	634
5	70944723	598
5	70944724	625
5	70944725	604
5	70944726	638
5	70944727	612
5	70944728	623
5	70944729	625
5	70944730	625
5	70944731	635
5	70944732	640
5	70944733	634
5	70944734	639
5	70944735	637
5	70944736	629
5	70944737	632
5	70944738	633
5	70944739	629
5	70944740	631
5	70944741	604
5	70944742	624
5	70944743	619
5	70944744	624
5	70944745	633
5	70944746	638
5	70944747	637
5	70944748	624
5	70944749	625
5	70944750	628
5	70944751	628
5	70944752	630
5	70944753	626
5	70946066	1103
5	70946067	1087
5	70946068	1158
5	70946069	1170
5	70946070	1168
5	70946071	1180
5	70946072	805
5	70946073	1123
5	70946074	1194
5	70946075	1200
5	70946076	1202
5	70946077	1207
5	70946078	1216
5	70946079	1216
5	70946080	1220
5	70946081	1211
5	70946082	1224
5	70946083	1228
5	70946084	1019
5	70946085	1237
5	70946086	1230
5	70946087	1174
5	70946088	1177
5	70946089	1219
5	70946090	1220
5	70946091	1213
5	70946092	1221
5	70946093	1206
5	70946094	1226
5	70946095	1224
5	70946096	1195
5	70946097	1219
5	70946098	1200
5	70946099	957
5	70946100	943
5	70946101	1220
5	70946102	1215
5	70946103	1184
5	70946104	1211
5	70946105	1191
5	70946106	1243
5	70946107	1240
5	70946108	1233
5	70946109	1238
5	70946110	1229
5	70946111	1231
5	70946112	1237
5	70946113	1232
5	70946114	1235
5	70946115	1246
5	70946116	1241
5	70946117	1234
5	70946118	1216
5	70946119	1223
5	70946120	1252
5	70946121	1257
5	70946122	1106
5	70946123	1262
5	70946124	1237
5	70946125	1164
5	70946126	1265
5	70946127	1216
5	70946128	1200
5	70946129	1275
5	70946130	1273
5	70946131	1265
5	70946132	1056
5	70946133	1286
5	70946134	1267
5	70946135	1285
5	70946136	1265
5	70946137	1324
5	70946138	1323
5	70946139	1324
5	70946140	1338
5	70946141	1332
5	70946142	1315
5	70946143	1322
5	70946144	1302
5	70946145	1312
5	70946146	1323
5	70946147	1329
5	70946148	1332
5	70946149	1327
5	70946150	1328
5	70946151	1313
5	70946152	1332
5	70946153	1332
5	70946154	1335
5	70946155	1324
5	70946156	1327
5	70946157	1319
5	70946158	1325
5	70946159	1296
5	70946160	1287
5	70946161	1279
5	70946162	1340
5	70946163	1328
5	70946164	1351
5	70946165	1355
5	70946166	1360
5	70946167	1348
5	70946168	1343
5	70946169	1316
5	70946170	1301
5	70946171	1275
5	70946172	1283
5	70946173	1310
5	70946174	1337
5	70946175	1352
5	70946176	1342
5	70951942	691
5	70951943	673
5	70951944	696
5	70951945	698
5	70951946	702
5	70951947	695
5	70951948	682
5	70951949	706
5	70951950	709
5	70951951	601
5	70951952	721
5	70951953	722
5	70951954	723
5	70951955	725
5	70951956	720
5	70951957	612
5	70951958	703
5	70951959	727
5	70951960	735
5	70951961	736
5	70951962	735
5	70951963	673
5	70951964	744
5	70951965	742
5	70951966	748
5	70951967	697
5	70951968	755
5	70951969	749
5	70951970	757
5	70951971	753
5	70951972	749
5	70951973	705
5	70951974	767
5	70951975	753
5	70951976	759
5	70951977	777
5	70951978	775
5	70951979	771
5	70951980	754
5	70951981	745
5	70951982	786
5	70951983	769
5	70951984	790
5	70951985	777
5	70951986	809
5	70951987	809
5	70951988	808
5	70951989	810
5	70951990	795
5	70951991	819
5	70951992	810
5	70951993	821
5	70951994	817
